##FastQC	0.10.1
>>Basic Statistics	pass
#Measure	Value	
Filename	899_E4_GTCCGCAC_L003_concat.fastq	
File type	Conventional base calls	
Encoding	Sanger / Illumina 1.9	
Total Sequences	59362678	
Filtered Sequences	0	
Sequence length	100	
%GC	42	
>>END_MODULE
>>Per base sequence quality	pass
#Base	Mean	Median	Lower Quartile	Upper Quartile	10th Percentile	90th Percentile
1	32.98080726748884	34.0	33.0	34.0	31.0	34.0
2	32.97430577508649	34.0	33.0	34.0	31.0	34.0
3	33.05565865812186	34.0	34.0	34.0	31.0	34.0
4	36.37689959000839	37.0	37.0	37.0	35.0	37.0
5	36.346845824576846	37.0	37.0	37.0	35.0	37.0
6	36.34561014919172	37.0	37.0	37.0	35.0	37.0
7	36.34909728971459	37.0	37.0	37.0	35.0	37.0
8	36.325399790757416	37.0	37.0	37.0	35.0	37.0
9	38.17211430387288	39.0	39.0	39.0	37.0	39.0
10	38.131117720127115	39.0	39.0	39.0	37.0	39.0
11	38.14657630506494	39.0	39.0	39.0	37.0	39.0
12	38.12999228235626	39.0	39.0	39.0	37.0	39.0
13	38.09726474941039	39.0	39.0	39.0	37.0	39.0
14	39.68716719619691	41.0	40.0	41.0	38.0	41.0
15	39.66867559445347	41.0	40.0	41.0	38.0	41.0
16	39.655519634744245	41.0	40.0	41.0	37.0	41.0
17	39.63731720459107	41.0	40.0	41.0	37.0	41.0
18	39.605150074260465	41.0	40.0	41.0	37.0	41.0
19	39.624204942371364	41.0	40.0	41.0	37.0	41.0
20	39.57423802544757	41.0	40.0	41.0	37.0	41.0
21	39.557516273103445	41.0	40.0	41.0	37.0	41.0
22	39.530000651250944	41.0	40.0	41.0	37.0	41.0
23	39.50016576071585	41.0	40.0	41.0	37.0	41.0
24	39.48317564109894	41.0	40.0	41.0	37.0	41.0
25	39.44361558284146	41.0	40.0	41.0	37.0	41.0
26	39.39615145057977	41.0	40.0	41.0	37.0	41.0
27	39.34265207846587	41.0	39.0	41.0	37.0	41.0
28	39.2955477682459	41.0	39.0	41.0	37.0	41.0
29	39.33203828843436	41.0	39.0	41.0	37.0	41.0
30	39.312430497155134	41.0	39.0	41.0	37.0	41.0
31	39.268442421010725	41.0	39.0	41.0	36.0	41.0
32	39.22834606619331	41.0	39.0	41.0	36.0	41.0
33	39.246835393780586	41.0	39.0	41.0	36.0	41.0
34	39.23221886991015	41.0	39.0	41.0	36.0	41.0
35	39.20844093320723	41.0	39.0	41.0	36.0	41.0
36	39.17027801542242	41.0	39.0	41.0	36.0	41.0
37	39.12997671702075	41.0	39.0	41.0	36.0	41.0
38	39.096538855608905	41.0	39.0	41.0	36.0	41.0
39	39.17484536327691	41.0	39.0	41.0	36.0	41.0
40	39.157666303396894	41.0	39.0	41.0	36.0	41.0
41	39.12571584118897	41.0	39.0	41.0	36.0	41.0
42	39.09366021189273	41.0	39.0	41.0	36.0	41.0
43	39.1505178893715	41.0	39.0	41.0	36.0	41.0
44	39.13552249108438	41.0	39.0	41.0	36.0	41.0
45	39.117781546176204	41.0	39.0	41.0	36.0	41.0
46	39.078991079209736	41.0	39.0	41.0	36.0	41.0
47	39.04148923335298	41.0	39.0	41.0	35.0	41.0
48	38.98959437106257	41.0	39.0	41.0	35.0	41.0
49	38.93690720961072	41.0	39.0	41.0	35.0	41.0
50	38.86316009867345	40.0	39.0	41.0	35.0	41.0
51	37.57978078414859	39.0	37.0	41.0	33.0	41.0
52	38.03951164399962	39.0	38.0	41.0	34.0	41.0
53	38.397784917991736	40.0	38.0	41.0	35.0	41.0
54	38.533662042672674	40.0	38.0	41.0	35.0	41.0
55	38.52123883292462	40.0	38.0	41.0	35.0	41.0
56	38.46760329781618	40.0	38.0	41.0	35.0	41.0
57	38.39511088094779	40.0	38.0	41.0	35.0	41.0
58	38.28833523986233	40.0	38.0	41.0	34.0	41.0
59	38.17346798269445	40.0	37.0	41.0	34.0	41.0
60	38.05602860436991	40.0	37.0	41.0	34.0	41.0
61	37.922728620834796	40.0	37.0	41.0	34.0	41.0
62	37.76296431572713	39.0	37.0	41.0	34.0	41.0
63	37.61602768325243	39.0	36.0	41.0	34.0	41.0
64	37.455522340147795	39.0	36.0	41.0	34.0	41.0
65	37.28280754112879	39.0	36.0	41.0	34.0	41.0
66	37.09573255775287	39.0	35.0	40.0	33.0	41.0
67	36.90422977548284	38.0	35.0	40.0	33.0	41.0
68	36.71149055977562	38.0	35.0	40.0	33.0	41.0
69	36.5098022868847	37.0	35.0	40.0	33.0	41.0
70	36.300758281154366	37.0	35.0	39.0	33.0	41.0
71	36.085181163828224	37.0	35.0	39.0	33.0	41.0
72	35.85605747099213	37.0	35.0	39.0	32.0	41.0
73	35.632406425464836	36.0	35.0	39.0	32.0	40.0
74	35.428961307978724	36.0	35.0	39.0	32.0	40.0
75	35.228445404703606	36.0	35.0	38.0	32.0	39.0
76	34.11136017145318	35.0	33.0	37.0	30.0	39.0
77	34.44923714526491	35.0	34.0	37.0	31.0	39.0
78	34.57474600455188	35.0	34.0	37.0	31.0	39.0
79	34.51903910062818	35.0	34.0	37.0	31.0	39.0
80	34.40284776236005	35.0	34.0	36.0	31.0	39.0
81	34.2683372033856	35.0	34.0	36.0	31.0	37.0
82	34.12481444991413	35.0	34.0	36.0	31.0	37.0
83	33.991333022408455	35.0	34.0	36.0	31.0	37.0
84	33.86496247692869	35.0	34.0	36.0	31.0	37.0
85	33.74847108481191	35.0	34.0	36.0	31.0	37.0
86	33.64247323882525	35.0	34.0	35.0	31.0	36.0
87	33.54242610146395	35.0	34.0	35.0	31.0	36.0
88	33.4455648715848	35.0	34.0	35.0	31.0	36.0
89	33.35944901272816	35.0	34.0	35.0	31.0	36.0
90	33.27436998378005	35.0	34.0	35.0	31.0	36.0
91	33.207212939416245	35.0	34.0	35.0	31.0	36.0
92	33.12787362793841	35.0	34.0	35.0	30.0	36.0
93	33.041989227642325	35.0	34.0	35.0	30.0	36.0
94	32.96542492574206	35.0	34.0	35.0	30.0	35.0
95	32.86491155267625	35.0	34.0	35.0	30.0	35.0
96	32.71704788992168	35.0	34.0	35.0	30.0	35.0
97	32.640953563449415	35.0	34.0	35.0	30.0	35.0
98	32.542099987470245	35.0	34.0	35.0	29.0	35.0
99	32.416034010460244	35.0	34.0	35.0	29.0	35.0
100	30.220325285863957	33.0	29.0	35.0	23.0	35.0
>>END_MODULE
>>Per sequence quality scores	pass
#Quality	Count
2	111950.0
3	14184.0
4	13552.0
5	15440.0
6	14936.0
7	15455.0
8	16157.0
9	19510.0
10	24723.0
11	30372.0
12	33029.0
13	35691.0
14	39388.0
15	43874.0
16	48580.0
17	53893.0
18	58030.0
19	62824.0
20	68314.0
21	75375.0
22	85744.0
23	98721.0
24	119247.0
25	149373.0
26	188606.0
27	243311.0
28	311491.0
29	390775.0
30	500951.0
31	643625.0
32	844687.0
33	1145406.0
34	1652373.0
35	2690507.0
36	5497690.0
37	1.5010293E7
38	2.418515E7
39	4805713.0
40	3738.0
>>END_MODULE
>>Per base sequence content	fail
#Base	G	A	T	C
1	27.758489114064744	14.915225201710673	13.17849177139165	44.14779391283293
2	19.49453828768691	23.147095998430643	37.26566322453352	20.092702489348927
3	19.126079860844513	26.47130141552979	27.32918328733148	27.07343543629421
4	23.332068135505484	33.185237639825324	21.46424130816847	22.01845291650072
5	22.609466182721132	35.84176027685917	23.68491507442418	17.863858465995524
6	18.096888789389308	37.978916160647856	25.692007579760105	18.232187470202728
7	15.979640159016908	19.523596508585776	43.85692523488299	20.639838097514325
8	18.171543244620093	24.631879430486155	31.589732986265517	25.60684433862824
9	19.6981531390971	24.155670516899537	32.802274636458215	23.34390170754515
10	19.195864962929768	39.16005057081875	24.84634371209876	16.79774075415272
11	23.783271742473076	29.93196318155782	22.209835943898085	24.074929132071016
12	20.735868691318668	25.703299743112456	29.22968315585589	24.33114840971298
13	19.012488429733303	28.87542982770721	31.366985641989448	20.745096100570038
14	19.823177546694552	28.732327386164574	30.150498051943742	21.29399701519713
15	20.297225701978284	28.54194913817299	29.01162687609341	22.14919828375532
16	20.792114619403897	28.78050586814525	28.54116120581438	21.886218306636472
17	21.236435879625386	29.114866395438057	28.21076278996809	21.43793493496846
18	20.7839816272765	29.037750925970844	28.297921635889306	21.880345810863346
19	20.903929146650217	29.047482199878736	28.20038890813017	21.848199745340878
20	21.015893103069512	29.265539237839498	28.213205455446534	21.505362203644456
21	20.740138488306776	29.019456057914876	28.50021297737892	21.740192476399425
22	20.807591530435598	29.17398503513786	28.325583309162354	21.692840125264183
23	20.937428552119936	29.364776752888794	28.3224567496266	21.37533794536467
24	20.608798046767724	29.283239074461736	28.475261103979133	21.632701774791407
25	20.813055311517225	29.22534269328	28.311551258323327	21.650050736879447
26	20.905550265051044	29.384629997640978	28.29475216882357	21.415067568484407
27	20.647305261050107	29.13575305639749	28.551927692163463	21.665013990388935
28	20.804447238219996	28.972928758751536	28.475732595677705	21.746891407350763
29	20.93285103535124	29.169475208395944	28.330347248107834	21.567326508144976
30	20.789945337521832	28.930195705580765	28.540749188075797	21.739109768821603
31	20.698120249597036	29.12252405703478	28.46713752641259	21.71221816695559
32	20.916309705938076	29.384241900368345	28.328683797635122	21.370764596058454
33	20.692168809579687	28.95341811285531	28.57680692562147	21.777606151943534
34	20.858320812418373	29.043075823640933	28.285625773909505	21.812977590031185
35	21.063021631206695	29.293577014144702	28.294162689061093	21.34923866558751
36	20.82663091391349	29.100818560962473	28.3932729372815	21.67927758784254
37	20.863689663627603	29.151019668936517	28.334553941597107	21.650736725838776
38	21.0202845067867	29.17352423301199	28.403194458617786	21.40299680158352
39	20.792730826730114	28.958005620550747	28.515797624912537	21.7334659278066
40	20.873804262014488	28.99071410766697	28.423166495758263	21.71231513456028
41	21.163673681196578	29.128381476951148	28.35075266659332	21.35719217525895
42	20.905145325309746	28.913717499226046	28.601078868999334	21.580058306464874
43	20.979638509323618	28.89697177105682	28.547231742079322	21.576157977540245
44	21.06695908430701	29.086235550546863	28.489194477361224	21.357610887784904
45	20.902624969599426	28.83348649992013	28.671945656473653	21.59194287400679
46	20.955907963267002	28.83739979072984	28.531453298676446	21.67523894732671
47	21.16126418737001	29.08751605835887	28.43294050236864	21.318279251902478
48	20.89739403246128	28.870725375015986	28.58875196704711	21.64312862547563
49	20.905568761090816	28.940155536121342	28.534906868755233	21.61936883403261
50	21.081084516747314	29.095120346988768	28.521301569673106	21.30249356659081
51	20.9847366065346	28.793894352686177	28.61233389694484	21.609035143834376
52	21.120398668617078	28.947665525305872	28.35324120911158	21.578694596965477
53	21.141190346664878	29.211113620255798	28.422861351421957	21.224834681657363
54	20.941591342471387	28.955073439510464	28.58490561268126	21.518429605336888
55	21.025599324519618	28.895183410282705	28.51038205595128	21.568835209246394
56	21.122287696129632	28.99601419551907	28.52072667716295	21.360971431188343
57	20.862257583291893	28.7909750608939	28.802159310234387	21.544608045579817
58	21.060246930603096	28.850614073228947	28.597514039878625	21.491624956289336
59	21.169871153316	29.035651945477138	28.551182547733973	21.243294353472894
60	21.011466093679733	28.82903794575238	28.6642059272335	21.495290033334392
61	21.094148425853767	28.839149676967306	28.545207941879298	21.521493955299633
62	21.18734279318237	28.947335598109326	28.52686508941388	21.338456519294418
63	21.003515079691372	28.71805630016394	28.83807062698271	21.440357993161978
64	21.07493561707417	28.83148360807607	28.60610459902699	21.487476175822763
65	21.23337320873812	29.016720461544576	28.61003819738086	21.139868132336446
66	21.061145445331263	28.84196102139706	28.7146960615096	21.382197471762076
67	21.077970406178164	28.89573975863525	28.506976934659	21.51931290052758
68	21.229427895409085	29.01798619471271	28.5949963137606	21.157589596117603
69	21.044259872720733	28.797371424966656	28.69359724413862	21.464771458173992
70	21.143159762748027	28.817442937300044	28.606564845565295	21.432832454386634
71	21.295941556473945	29.06461629865164	28.555246875250383	21.084195269624026
72	21.01883899838474	28.907280312636598	28.688342729130724	21.385537959847937
73	21.090519752584648	28.834819765935922	28.70987419349517	21.36478628798426
74	21.146252092775615	28.992764119935217	28.66235522114509	21.19862856614408
75	21.055043232299045	28.77481639329708	28.757457882100518	21.412682492303354
76	21.20801431789085	28.8166951501507	28.65920104733157	21.316089484626882
77	21.335757956183514	28.985312698474768	28.520293476340797	21.15863586900092
78	21.16524160630239	28.850669685971823	28.63593677158051	21.34815193614528
79	21.30847035096938	28.73493002650948	28.55072809427954	21.405871528241597
80	21.386719865994866	28.945786610172718	28.579581645220465	21.08791187861195
81	21.123109483483795	28.750344208385442	28.733944583596184	21.39260172453458
82	21.18366530318895	28.868857355329663	28.57386511885988	21.373612222621503
83	21.4091789954455	29.033209613658983	28.50323621227379	21.054375178621722
84	21.110352948954393	28.778563343453644	28.75335907331221	21.357724634279755
85	21.286410015332095	28.79953216281225	28.565128162741594	21.34892965911406
86	21.41831238416046	28.934418296506554	28.638073352326458	21.009195967006534
87	21.217571344420232	28.811055641228716	28.705921188619886	21.265451825731162
88	21.41273125057587	28.799942946312125	28.546650873495498	21.240674929616503
89	21.499350261921343	28.934827693830663	28.568800934722038	20.997021109525956
90	21.32290420749611	28.806761640541872	28.658311996591067	21.212022155370956
91	21.424008122314277	28.838878438780828	28.45689076439409	21.28022267451081
92	21.516822319584907	28.988802931688745	28.560474432636713	20.933900316089634
93	21.29111699370734	28.78932693941904	28.762081064971852	21.157475001901766
94	21.45660093142853	28.8063348520931	28.56990940873345	21.167154807744918
95	21.580946588302407	28.95872318945652	28.450411650125595	21.009918572115474
96	21.360988714705783	28.778072074976112	28.70622356390947	21.154715646408633
97	21.537661947766864	28.845607054821265	28.45286427126351	21.163866726148363
98	21.692001765636007	28.96726053907186	28.456520977310916	20.884216717981214
99	21.57249980217293	28.788061312601393	28.56398654566899	21.075452339556687
100	21.65881012626008	28.899336743298594	28.354988020282455	21.086865110158868
>>END_MODULE
>>Per base GC content	fail
#Base	%GC
1	71.90628302689768
2	39.58724077703584
3	46.199515297138724
4	45.3505210520062
5	40.473324648716655
6	36.329076259592036
7	36.61947825653124
8	43.778387583248325
9	43.04205484664225
10	35.99360571708249
11	47.858200874544096
12	45.067017101031645
13	39.75758453030334
14	41.11717456189169
15	42.4464239857336
16	42.67833292604037
17	42.67437081459385
18	42.66432743813985
19	42.75212889199109
20	42.52125530671397
21	42.4803309647062
22	42.500431655699785
23	42.3127664974846
24	42.24149982155913
25	42.463106048396675
26	42.32061783353545
27	42.31231925143904
28	42.55133864557076
29	42.50017754349622
30	42.529055106343435
31	42.41033841655263
32	42.28707430199653
33	42.46977496152322
34	42.67129840244956
35	42.41226029679421
36	42.50590850175603
37	42.51442638946638
38	42.42328130837023
39	42.52619675453671
40	42.58611939657477
41	42.52086585645553
42	42.485203631774624
43	42.55579648686386
44	42.424569972091916
45	42.49456784360621
46	42.63114691059371
47	42.47954343927248
48	42.540522657936904
49	42.524937595123426
50	42.38357808333812
51	42.59377175036898
52	42.699093265582555
53	42.36602502832225
54	42.460020947808275
55	42.59443453376601
56	42.48325912731798
57	42.406865628871714
58	42.55187188689243
59	42.4131655067889
60	42.50675612701413
61	42.6156423811534
62	42.52579931247679
63	42.44387307285335
64	42.56241179289694
65	42.37324134107456
66	42.44334291709334
67	42.59728330670575
68	42.38701749152669
69	42.50903133089473
70	42.57599221713466
71	42.38013682609797
72	42.40437695823268
73	42.45530604056891
74	42.34488065891969
75	42.4677257246024
76	42.52410380251773
77	42.49439382518443
78	42.513393542447666
79	42.71434187921098
80	42.47463174460682
81	42.515711208018374
82	42.55727752581045
83	42.46355417406723
84	42.46807758323414
85	42.63533967444616
86	42.427508351166985
87	42.4830231701514
88	42.65340618019237
89	42.4963713714473
90	42.53492636286706
91	42.70423079682509
92	42.450722635674545
93	42.44859199560911
94	42.62375573917345
95	42.59086516041788
96	42.515704361114416
97	42.70152867391522
98	42.576218483617225
99	42.64795214172962
100	42.745675236418954
>>END_MODULE
>>Per sequence GC content	pass
#GC Content	Count
0	17916.0
1	9753.0
2	1437.5
3	1298.5
4	1363.0
5	1362.0
6	1253.5
7	1222.0
8	1270.5
9	1410.5
10	1574.5
11	1774.5
12	2081.5
13	2433.0
14	2876.5
15	3545.0
16	4396.5
17	5575.0
18	7689.0
19	10807.0
20	15245.5
21	22646.0
22	34253.0
23	51198.5
24	76307.0
25	112206.5
26	160642.5
27	226225.5
28	310148.0
29	418447.5
30	552037.0
31	703811.5
32	862512.0
33	1042304.0
34	1258837.0
35	1509635.5
36	1796623.0
37	2125978.5
38	2484251.0
39	2848324.5
40	3198334.5
41	3478205.0
42	3675323.5
43	3784812.5
44	3795315.5
45	3683249.5
46	3422153.0
47	3093061.5
48	2704395.5
49	2288151.5
50	1927057.5
51	1599210.0
52	1286733.0
53	1026752.0
54	841289.0
55	664028.5
56	494944.5
57	380985.0
58	293296.5
59	225849.0
60	185522.5
61	148011.0
62	109924.0
63	75758.0
64	50018.5
65	36618.5
66	29320.5
67	26597.5
68	25509.0
69	23986.5
70	22215.0
71	18967.5
72	15226.5
73	12610.0
74	12749.0
75	9759.0
76	5496.0
77	3171.5
78	1608.5
79	771.5
80	533.0
81	347.0
82	251.5
83	203.5
84	158.5
85	112.0
86	80.0
87	66.5
88	60.0
89	42.5
90	27.5
91	27.5
92	19.5
93	11.5
94	11.0
95	7.0
96	3.5
97	4.0
98	4.0
99	2.5
100	2.0
>>END_MODULE
>>Per base N content	pass
#Base	N-Count
1	0.0925800550979186
2	0.3188771234343572
3	0.10655685041702466
4	0.07837584416255614
5	0.09480704357711087
6	0.058418860415967076
7	0.05582295327040334
8	0.08384729543367299
9	0.07443734260101945
10	0.10057329286930082
11	0.04599691408800661
12	0.031032966538335753
13	0.05525525650982255
14	0.04396028090242155
15	0.05425968147865566
16	0.05377284360385494
17	0.060389795756855845
18	0.07023941878093842
19	0.06249549590737803
20	0.0839635300819818
21	0.058590685548249685
22	0.06532218778943902
23	0.06837461072763597
24	0.05407437986540971
25	0.06398127793358649
26	0.06285599177314743
27	0.07368434422719271
28	0.054534264778283756
29	0.06601285743881029
30	0.057045943917826615
31	0.044465648938546876
32	0.06360562102673332
33	0.04092133444518794
34	0.04373118072604473
35	0.05243867198848408
36	0.0404816642537589
37	0.0670387545521447
38	0.06350117829926742
39	0.055430450762346
40	0.06157741064175036
41	0.058984872616427445
42	0.05801119686682599
43	0.0558953893555813
44	0.05546245740463393
45	0.057323896337695544
46	0.05342582421904888
47	0.06474438366813573
48	0.0603190442317983
49	0.05589370479546088
50	0.08166915919797284
51	0.06322996411988017
52	0.04511420458490771
53	0.03326500869788927
54	0.04165580265769007
55	0.04569874694669267
56	0.05791349237984176
57	0.06431313627730878
58	0.06386672784539808
59	0.06189579250450931
60	0.06714488183973101
61	0.053117549717012436
62	0.05591055039666506
63	0.051539116884181
64	0.06130114278200185
65	0.07227436740640306
66	0.07927203014661838
67	0.0823396141258991
68	0.0777070737947503
69	0.07488712015317099
70	0.07180100601256567
71	0.07022088861961383
72	0.05940938176677272
73	0.03375690025305125
74	0.03241093671683747
75	0.04344817462581456
76	0.045690324146090575
77	0.05936052952328061
78	0.06213836916184946
79	0.058711973876919774
80	0.05661469652699967
81	0.06426596859393709
82	0.0572716749739626
83	0.05034981743916608
84	0.06636661506409802
85	0.05209670628403927
86	0.057012252715418266
87	0.06028872214963078
88	0.08443520691569878
89	0.06272291152363443
90	0.07680583413032681
91	0.07016866725588088
92	0.06303118602567089
93	0.06109057276694963
94	0.05876419524065272
95	0.09986577761872537
96	0.2794769467779065
97	0.12251468843774196
98	0.06190253074499099
99	0.07275952072108337
100	0.06652833283565812
>>END_MODULE
>>Sequence Length Distribution	pass
#Length	Count
100	5.9362678E7
>>END_MODULE
>>Sequence Duplication Levels	fail
#Total Duplicate Percentage	72.03884875044415
#Duplication Level	Relative count
1	100.0
2	44.44670360392416
3	25.90691133363832
4	18.38221589657568
5	13.653230315661059
6	10.747386434876905
7	8.807333231671157
8	7.5704434165268815
9	6.304749318016232
10++	103.05494840644538
>>END_MODULE
>>Overrepresented sequences	pass
>>END_MODULE
>>Kmer Content	warn
#Sequence	Count	Obs/Exp Overall	Obs/Exp Max	Max Obs/Exp Position
CACCA	12255880	2.53839	5.218618	1
CTTCA	12596125	2.011137	5.187379	1
CTTTG	10625305	1.7735243	5.2706895	1
CTTGA	10467650	1.7261525	5.2647853	1
CTCCA	8178365	1.7145338	6.6782126	1
CTTGG	7398690	1.6747532	5.6121616	1
GTTTG	9297200	1.6027775	5.2502904	1
>>END_MODULE
